100 19.934177
200 21.743774
300 32.975674
400 41.055679
500 49.312115
600 55.339336
700 61.373711
800 66.459179
900 71.759224
1000 78.027248
1100 85.296631
1200 93.638897
1300 107.269287
1400 115.039349
1500 125.088692
1600 133.380890
1700 143.854618
1800 153.887272
1900 163.037777
2000 175.199509
2100 185.635090
2200 196.607113
2300 207.529068
2400 218.758583
2500 231.788158
2600 243.775845
2700 256.657600
2800 271.623135
2900 284.550190
3000 298.841000
3100 311.479568
3200 326.659679
3300 340.828896
3400 353.820324
3500 368.037224
3600 382.697582
3700 398.347378
3800 414.817333
3900 429.444313
4000 446.703434
4100 459.623337
4200 475.041866
4300 492.630005
4400 508.766174
4500 525.476933
4600 541.131496
4700 558.850765
4800 575.530529
4900 591.676235
5000 608.956814
5100 633.201599
5200 647.189617
5300 666.301250
5400 686.025620
5500 703.945160
5600 721.321106
5700 741.651058
5800 761.935711
5900 780.053139
6000 798.985958
6100 819.177628
6200 838.105679
6300 861.527920
6400 878.891945
6500 896.463394
6600 917.625427
6700 940.589905
6800 959.424973
6900 980.265141
7000 1001.079082
7100 1021.940708
7200 1044.483185
7300 1067.166328
7400 1088.972092
7500 1109.983921
7600 1135.160923
7700 1156.504154
7800 1179.039478
7900 1205.472946
8000 1224.205494
8100 1259.615421
8200 1276.013851
8300 1294.102669
8400 1321.587563
8500 1344.444752
8600 1368.513107
8700 1392.407417
8800 1417.841911
8900 1444.740295
9000 1468.172073
9100 1492.140293
9200 1533.262730
9300 1548.841000
9400 1573.421955
9500 1598.114967
9600 1626.372337
9700 1652.216911
9800 1679.174900
9900 1701.447964
10000 1731.882095
