100 18.362999
200 38.356781
300 55.160522
400 75.840950
500 97.644329
600 74.532032
700 52.075386
800 59.828758
900 68.151951
1000 76.866150
1100 85.449219
1200 93.348026
1300 108.406544
1400 115.790367
1500 125.529766
1600 134.596825
1700 144.438744
1800 154.554844
1900 164.124966
2000 174.248219
2100 185.515881
2200 197.165012
2300 209.782124
2400 220.572948
2500 233.037472
2600 245.594978
2700 258.102417
2800 271.618366
2900 284.059048
3000 297.617912
3100 310.630798
3200 325.515270
3300 339.028835
3400 353.050232
3500 367.236137
3600 382.297039
3700 396.471024
3800 412.397385
3900 427.916050
4000 443.575382
4100 458.636284
4200 475.358963
4300 491.299629
4400 507.397652
4500 524.938107
4600 540.103912
4700 557.372570
4800 574.381351
4900 590.322018
5000 607.755184
5100 627.927780
5200 644.853115
5300 665.340424
5400 682.199001
5500 701.422691
5600 718.591213
5700 738.344193
5800 758.771896
5900 777.282715
6000 795.547962
6100 814.993382
6200 833.702087
6300 859.088898
6400 879.430771
6500 898.661613
6600 920.057297
6700 970.635414
6800 955.283642
6900 976.667404
7000 998.241901
7100 1019.849777
7200 1039.807796
7300 1062.579155
7400 1085.088253
7500 1106.176376
7600 1129.715443
7700 1150.906086
7800 1175.558567
7900 1199.486256
8000 1223.862171
8100 1244.790554
8200 1273.343563
8300 1300.179958
8400 1318.678856
8500 1339.938641
8600 1365.153790
8700 1387.286186
8800 1411.049366
8900 1437.485218
9000 1465.306282
9100 1484.637260
9200 1509.716511
9300 1538.937092
9400 1578.395367
9500 1588.609219
9600 1617.293358
9700 1646.051407
9800 1670.608521
9900 1694.068909
10000 1721.565723
