100 46.014786
200 170.946121
300 379.085541
400 807.046890
500 1187.086105
600 1560.926437
700 2609.968185
800 3394.842148
900 3479.003906
1000 4852.056503
1100 6304.979324
1200 7875.919342
1300 8417.844772
1400 9004.116058
1500 4121.065140
1600 4677.057266
1700 5280.017853
1800 5908.012390
1900 6572.008133
2000 7291.793823
2100 8040.904999
2200 8821.010590
2300 9644.985199
2400 10474.205017
2500 11600.971222
2600 12325.048447
2700 13281.106949
2800 14256.000519
2900 15311.002731
3000 16406.059265
3100 17578.125000
3200 18625.974655
3300 19804.954529
3400 21012.067795
3500 22287.845612
3600 23570.060730
3700 24878.978729
3800 26258.945465
3900 27648.925781
4000 29072.046280
4100 30547.857285
4200 32046.079636
4300 33609.867096
4400 35907.030106
4500 37543.058395
4600 39273.977280
4700 40991.067886
4800 42751.073837
4900 44528.961182
5000 46370.029449
5100 48238.992691
5200 50134.897232
5300 52088.022232
5400 54071.187973
5500 56100.130081
5600 58214.187622
5700 60261.964798
5800 62357.902527
5900 64558.029175
6000 66744.089127
6100 69006.919861
6200 71277.856827
6300 73596.000671
6400 76344.013214
6500 78284.025192
6600 80760.002136
6700 83194.971085
6800 85719.108582
6900 88268.041611
7000 90800.046921
7100 93401.193619
7200 96065.998077
7300 98734.855652
7400 103271.007538
7500 104227.066040
7600 107042.074203
7700 109869.003296
7800 112768.173218
7900 113521.099091
8000 118437.767029
8100 121473.073959
8200 124680.995941
8300 127716.064453
8400 131286.144257
8500 133938.074112
8600 137171.030045
8700 140415.906906
8800 145314.931870
8900 144330.978394
9000 150264.024734
9100 153542.041779
9200 156995.058060
9300 160493.850708
9400 160954.952240
9500 167522.907257
9600 170931.100845
9700 177729.129791
9800 181409.120560
9900 185309.171677
10000 192790.985107
