100 0.000000
200 0.000000
300 1001.000055
400 0.000000
500 0.000000
600 0.000000
700 999.000040
800 0.000000
900 999.999931
1000 1000.000047
1100 1000.999939
1200 1001.000055
1300 998.999923
1400 1000.000047
1500 1999.999862
1600 2001.000103
1700 1999.999862
1800 2001.000103
1900 1999.999862
2000 3000.999801
2100 3000.000026
2200 4000.999965
2300 4002.000205
2400 3999.999724
2500 4000.999965
2600 5001.000129
2700 5001.000129
2800 3037.000075
2900 0.000000
3000 0.000000
3100 15626.000240
3200 0.000000
3300 15625.000000
3400 12573.000044
3500 8015.000261
3600 9000.999853
3700 10002.000257
3800 10002.000257
3900 10002.000257
4000 10063.000023
4100 0.000000
4200 24204.999208
4300 13003.000058
4400 12045.999989
4500 15637.999400
4600 0.000000
4700 15626.000240
4800 15626.000240
4900 29941.000044
5000 17016.999424
5100 18428.999931
5200 4734.999966
5300 31263.999641
5400 15626.000240
5500 15939.999372
5600 31140.999869
5700 15619.000420
5800 31055.999920
5900 15626.000240
6000 31252.000481
6100 15626.000240
6200 31252.000481
6300 31252.000481
6400 31252.000481
6500 15626.000240
6600 31252.000481
6700 31252.000481
6800 41485.000402
6900 31263.999641
7000 31252.000481
7100 31252.000481
7200 43193.001300
7300 37007.998675
7400 37168.998271
7500 38995.001465
7600 39007.999003
7700 41012.000293
7800 42006.999254
7900 42008.999735
8000 44011.998922
8100 45014.999807
8200 46018.999070
8300 47005.999833
8400 48174.999654
8500 39078.000933
8600 46891.998500
8700 66177.003086
8800 46897.001565
8900 46877.998859
9000 62504.000962
9100 56788.999587
9200 56083.001196
9300 62504.000962
9400 62504.000962
9500 65701.998770
9600 57906.001806
9700 69697.998464
9800 66085.003316
9900 67010.000348
10000 68150.997162
