100 0.000000
200 0.000000
300 0.000000
400 0.000000
500 0.000000
600 0.000000
700 0.000000
800 0.000000
900 0.000000
1000 0.000000
1100 0.000000
1200 15626.000240
1300 0.000000
1400 0.000000
1500 0.000000
1600 17930.999398
1700 7999.000140
1800 0.000000
1900 8000.999689
2000 8000.999689
2100 9263.999760
2200 16456.000507
2300 8012.999780
2400 16775.000840
2500 8669.000119
2600 16519.000754
2700 19625.000656
2800 14705.000445
2900 15970.999375
3000 24013.999850
3100 16000.999138
3200 26583.999395
3300 15636.999160
3400 33493.001014
3500 17266.999930
3600 40745.001286
3700 25970.999151
3800 32014.001161
3900 35004.001111
4000 33259.999007
4100 40274.001658
4200 26381.000876
4300 49079.000950
4400 40003.001690
4500 44013.999403
4600 50035.998225
4700 49947.999418
4800 48002.999276
4900 52140.001208
5000 58825.999498
5100 57829.998434
5200 58008.998632
5300 56005.999446
5400 64016.997814
5500 64020.998776
5600 64001.999795
5700 71998.000145
5800 80067.999661
5900 72022.996843
6000 80669.000745
6100 80006.003380
6200 88019.996881
6300 80008.998513
6400 96009.001136
6500 88009.998202
6600 96010.997891
6700 104000.002146
6800 96510.000527
6900 104011.997581
7000 112011.998892
7100 104015.998542
7200 120011.001825
7300 112043.999135
7400 120728.999376
7500 128016.993403
7600 118470.996618
7700 134326.994419
7800 135552.003980
7900 126623.004675
8000 144812.002778
8100 144142.001867
8200 149499.997497
8300 146218.001842
8400 152134.001255
8500 153400.003910
8600 158687.993884
8700 169191.002846
8800 175924.003124
8900 176021.993160
9000 176018.998027
9100 180213.004351
9200 183538.004756
9300 191793.993115
9400 196562.007070
9500 192698.001862
9600 199968.993664
9700 208698.004484
9800 206636.995077
9900 213749.006391
10000 214789.003134
