1 2.145767
101 27.869007
201 88.447362
301 132.711227
401 134.997237
501 201.335686
601 295.047554
701 380.141929
801 487.288583
901 619.055031
1 1.907349
101 13.216887
201 39.296364
301 79.227840
401 144.411501
501 246.498161
601 347.215205
701 466.555910
801 601.861956
901 755.037240
1 2.145767
101 14.628514
201 45.532018
301 94.044644
401 163.976688
501 245.866185
601 347.613892
701 419.806822
801 571.024403
901 700.004093
1 1.907349
101 15.225741
201 46.655313
301 92.437497
401 132.275341
501 199.391694
601 333.478963
701 438.877247
801 603.285324
901 751.871380
1 1.907349
101 14.704053
201 45.585395
301 94.512768
401 161.466456
501 245.759587
601 349.602961
701 467.189879
801 601.147593
901 752.265657
1 0.953674
101 14.479798
201 45.731293
301 94.246627
401 160.973566
501 225.295564
601 282.039261
701 376.574493
801 487.885969
901 718.003505
1 0.953674
101 14.552976
201 45.450173
301 93.939296
401 164.196676
501 247.793521
601 347.980049
701 466.279739
801 601.624728
901 754.599301
1 1.192093
101 14.772510
201 45.609118
301 94.260092
401 161.646608
501 247.539398
601 348.434670
701 466.995334
801 603.924083
901 774.387250
1 0.953674
101 14.725298
201 45.623352
301 94.136526
401 164.338775
501 248.063824
601 351.197708
701 488.654353
801 602.401300
901 754.877941
1 0.953674
101 14.701692
201 45.706384
301 94.164250
401 164.210945
501 247.948660
601 348.078828
701 466.200493
801 602.255749
901 755.633154
