1 0.000000
101 0.000000
201 799.900014
301 1269.500051
401 1253.199950
501 3202.100098
601 3859.800100
701 4910.000041
801 7200.799882
901 8000.700176
1001 11201.401055
1101 12763.500214
1201 15273.199975
1301 17428.700626
1401 20871.099830
1501 23202.799261
1601 26530.995965
1701 31297.001243
1801 32803.699374
1901 36803.895235
2001 41499.206424
2101 45350.301266
2201 48865.598440
2301 54592.317343
2401 59898.215532
2501 64831.525087
2601 70189.833641
2701 76195.436716
2801 80754.518509
2901 88075.453043
3001 89855.766296
3101 83433.252573
3201 88375.335932
3301 94581.735134
3401 99328.136444
3501 105798.637867
3601 111601.936817
3701 118683.016300
3801 124569.630623
3901 130818.247795
4001 138108.956814
4101 143085.908890
4201 149515.879154
4301 159213.757515
4401 166903.078556
4501 174770.522118
4601 182506.155968
4701 194439.530373
4801 198418.235779
4901 207082.796097
5001 215235.066414
5101 224447.107315
5201 233749.318123
5301 241806.888580
5401 251524.043083
5501 260606.193542
5601 270307.898521
5701 275525.283813
5801 288041.138649
5901 300429.058075
6001 311641.430855
6101 320272.707939
6201 326782.846451
6301 336407.089233
6401 352456.831932
6501 364471.912384
6601 372680.759430
6701 384195.423126
6801 398461.151123
6901 402708.864212
7001 414993.858337
7101 431782.245636
7201 446470.069885
7301 453599.882126
7401 467667.913437
7501 484342.241287
7601 497738.695145
7701 509035.921097
7801 517213.869095
7901 527432.584763
8001 540248.250961
8101 560518.693924
8201 578881.597519
8301 592142.486572
8401 606150.531769
8501 621215.581894
8601 636635.351181
8701 650724.983215
8801 665720.319748
8901 680465.984344
9001 696786.737442
9101 707272.863388
9201 722211.503983
9301 739970.445633
9401 747252.273560
9501 764987.802505
9601 785907.220840
9701 807289.218903
9801 824894.905090
9901 838787.841797
