1000 3805.875778
1100 3583.192825
1200 4043.102264
1300 4479.169846
1400 4870.891571
1500 5296.945572
1600 5717.039108
1700 6134.033203
1800 6579.160690
1900 7047.891617
2000 7781.028748
2100 8533.000946
2200 9396.076202
2300 10231.971741
2400 11172.056198
2500 12109.994888
2600 13125.896454
2700 14135.837555
2800 15218.019485
2900 16303.062439
3000 17463.922501
3100 18660.068512
3200 19857.883453
3300 21105.051041
3400 22427.797318
3500 23751.020432
3600 25133.132935
3700 26532.888412
3800 28029.918671
3900 29515.981674
4000 31049.013138
4100 32566.785812
4200 34198.999405
4300 35866.022110
4400 37565.946579
4500 39258.956909
4600 41036.128998
4700 42828.083038
4800 44686.079025
4900 46550.989151
5000 48445.940018
5100 50407.171249
5200 52438.974380
5300 54462.909698
5400 56509.017944
5500 58634.996414
5600 60790.061951
5700 62979.936600
5800 65233.945847
5900 67448.854446
6000 69777.965546
6100 72116.136551
6200 74512.958527
6300 76901.912689
6400 79416.036606
6500 81893.920898
6600 84444.046021
6700 87008.953094
6800 89628.934860
6900 92245.101929
7000 94959.974289
7100 97770.929337
7200 100533.008575
7300 103287.935257
7400 106140.851974
7500 108970.880508
7600 111974.000931
7700 114928.960800
7800 117978.811264
7900 120977.878571
8000 124076.843262
8100 127205.848694
8200 130355.834961
8300 133573.055267
8400 136795.043945
8500 140089.988708
8600 143406.152725
8700 146751.880646
8800 150134.086609
8900 153543.949127
9000 156976.938248
9100 160530.090332
9200 164057.016373
9300 167634.010315
9400 171324.014664
9500 174925.088882
9600 178682.088852
9700 182417.154312
9800 186283.111572
9900 189955.949783
10000 193788.051605
