1000 10.013580
1100 10.967255
1200 11.205673
1300 12.159348
1400 11.920929
1500 13.828278
1600 15.020370
1700 15.020370
1800 16.212463
1900 16.927719
2000 20.027161
2100 20.980835
2200 19.073486
2300 20.027161
2400 20.027161
2500 20.980835
2600 21.934509
2700 22.888184
2800 23.841858
2900 23.841858
3000 25.033951
3100 26.941299
3200 26.941299
3300 27.894974
3400 28.133392
3500 29.087067
3600 30.040741
3700 30.994415
3800 32.186508
3900 32.901764
4000 33.855438
4100 32.901764
4200 34.093857
4300 36.001205
4400 36.954880
4500 37.908554
4600 39.100647
4700 38.862228
4800 39.815903
4900 40.054321
5000 41.007996
5100 41.961670
5200 44.107437
5300 42.915344
5400 44.822693
5500 46.014786
5600 46.014786
5700 46.968460
5800 47.922134
5900 48.875809
6000 48.875809
6100 48.875809
6200 51.021576
6300 51.021576
6400 51.975250
6500 52.928925
6600 53.882599
6700 55.074692
6800 56.028366
6900 56.028366
7000 56.982040
7100 57.935715
7200 59.127808
7300 60.081482
7400 61.035156
7500 61.035156
7600 61.988831
7700 80.108643
7800 64.134598
7900 64.134598
8000 65.088272
8100 66.995621
8200 66.995621
8300 67.949295
8400 67.949295
8500 68.902969
8600 70.095062
8700 71.048737
8800 70.810318
8900 72.002411
9000 72.956085
9100 74.148178
9200 74.148178
9300 76.055527
9400 77.009201
9500 77.009201
9600 77.962875
9700 77.962875
9800 80.108643
9900 80.108643
10000 80.823898
