1000 5604.028702
1100 6798.982620
1200 7172.107697
1300 3469.944000
1400 3971.099854
1500 4364.013672
1600 5078.077316
1700 5660.057068
1800 6280.899048
1900 7107.019424
2000 7771.968842
2100 8599.042892
2200 9848.117828
2300 10312.080383
2400 11484.146118
2500 12109.994888
2600 13159.990311
2700 14108.181000
2800 15589.952469
2900 16320.943832
3000 17540.931702
3100 18813.848495
3200 19896.984100
3300 21126.031876
3400 22451.162338
3500 23749.113083
3600 25184.154510
3700 27411.937714
3800 28446.912766
3900 30013.799667
4000 31637.907028
4100 32927.989960
4200 34610.986710
4300 36870.956421
4400 40621.995926
4500 43680.906296
4600 42011.022568
4700 43347.120285
4800 45159.101486
4900 46880.960464
5000 48537.969589
5100 50481.081009
5200 52465.915680
5300 54497.003555
5400 57168.006897
5500 60067.176819
5600 62181.949615
5700 64042.091370
5800 65197.944641
5900 67939.043045
6000 70595.979691
6100 73055.028915
6200 75370.788574
6300 77946.901321
6400 80753.087997
6500 82783.937454
6600 85010.051727
6700 88840.007782
6800 92278.957367
6900 93545.913696
7000 94920.873642
7100 97688.913345
7200 100455.999374
7300 103253.841400
7400 105961.084366
7500 108865.022659
7600 111796.855927
7700 114720.821381
7800 117774.963379
7900 120781.898499
8000 123859.167099
8100 127015.113831
8200 130278.110504
8300 133650.064468
8400 136740.922928
8500 139971.971512
8600 143313.884735
8700 146643.877029
8800 150027.036667
8900 153465.032578
9000 156883.001328
9100 160418.987274
9200 164015.054703
9300 167558.908463
9400 171128.034592
9500 174926.996231
9600 178467.988968
9700 182221.889496
9800 186048.984528
9900 189928.054810
10000 193831.920624
