1000 3033.876419
1100 3405.094147
1200 4054.784775
1300 4811.048508
1400 5383.014679
1500 6278.991699
1600 7233.142853
1700 8147.001266
1800 7719.993591
1900 3560.066223
2000 3910.064697
2100 4240.036011
2200 4706.144333
2300 5171.060562
2400 5789.041519
2500 6233.930588
2600 6700.038910
2700 7115.840912
2800 7757.902145
2900 8463.859558
3000 8963.108063
3100 9334.087372
3200 10042.905807
3300 10810.136795
3400 11240.959167
3500 11838.912964
3600 12311.935425
3700 13815.879822
3800 14072.895050
3900 14786.005020
4000 15703.916550
4100 16386.032104
4200 17041.206360
4300 17911.911011
4400 18678.903580
4500 19731.998444
4600 20565.032959
4700 21811.008453
4800 22228.956223
4900 23503.065109
5000 24080.991745
5100 25377.035141
5200 26283.979416
5300 27278.184891
5400 28568.983078
5500 28966.903687
5600 30956.029892
5700 31860.828400
5800 32693.862915
5900 33141.136169
6000 34988.164902
6100 37029.027939
6200 37437.915802
6300 39214.849472
6400 40859.937668
6500 42183.876038
6600 42325.019836
6700 43435.096741
6800 44790.983200
6900 47245.979309
7000 47745.943069
7100 49269.199371
7200 50278.186798
7300 51925.897598
7400 54444.074631
7500 56328.058243
7600 57476.043701
7700 58238.029480
7800 60173.034668
7900 61586.141586
8000 62608.957291
8100 64424.037933
8200 64953.088760
8300 66647.052765
8400 68813.085556
8500 70071.935654
8600 72463.989258
8700 73361.873627
8800 74602.127075
8900 76079.130173
9000 77824.831009
9100 81871.032715
9200 81809.043884
9300 83506.107330
9400 84774.971008
9500 87656.021118
9600 90017.795563
9700 91073.989868
9800 92816.114426
9900 94369.173050
10000 97107.887268
