1000 0.00000123560428619385
1500 0.00000126025676727295
2000 0.00000132222175598145
2500 0.00000134155750274658
3000 0.00000134398937225342
3500 0.00000135288238525391
4000 0.00000135662555694580
4500 0.00000135512351989746
5000 0.00000135426521301270
5500 0.00000136857032775879
6000 0.00000136423110961914
6500 0.00000136840343475342
7000 0.00000137798786163330
7500 0.00000137460231781006
8000 0.00000137434005737305
8500 0.00000137577056884766
9000 0.00000138969421386719
9500 0.00000138542652130127
10000 0.00000139076709747314
