1000 -0.00000000151062849909
1500 -0.00000000165073433891
2000 0.00000000130757689476
2500 -0.00000000095891300589
3000 0.00000000044399639592
3500 0.00000000054998090491
4000 0.00000009947675280273
4500 0.00000000043441541493
5000 0.00000014899839879945
5500 0.00000000037751160562
6000 0.00000000125333899632
6500 0.00000000082704937086
7000 0.00000000040688319132
7500 0.00000000069583766162
8000 0.00000000053533585742
8500 0.00000009890174260363
9000 -0.00000000066489446908
9500 0.00000009886058978736
10000 0.00000000002320157364
