100 14.321804
200 20.987988
300 32.193661
400 44.181347
500 56.002140
600 69.155693
700 81.036091
800 94.032288
900 110.232830
1000 124.249458
1100 138.220787
1200 150.716305
1300 163.183212
1400 176.169872
1500 188.939571
1600 203.227997
1700 216.865540
1800 228.784084
1900 245.046616
2000 260.760784
2100 274.434090
2200 288.298130
2300 300.574303
2400 317.184925
2500 328.247547
2600 342.133045
2700 357.801914
2800 369.513035
2900 385.062695
3000 403.637886
3100 410.349369
3200 427.360535
3300 466.027260
3400 455.935001
3500 468.320847
3600 480.976105
3700 498.909950
3800 515.260696
3900 529.305935
4000 542.211533
4100 554.013252
4200 572.121143
4300 588.333607
4400 601.441860
4500 615.592003
4600 626.521111
4700 641.963482
4800 657.603741
4900 671.813488
5000 682.456493
5100 691.380501
5200 711.321831
5300 728.225708
5400 743.267536
5500 758.416653
5600 768.549442
5700 783.829689
5800 799.896717
5900 813.941956
6000 826.809406
6100 837.678909
6200 853.838921
6300 871.915817
6400 887.243748
6500 906.040668
6600 915.842056
6700 932.433605
6800 948.066711
6900 963.759422
7000 977.623463
7100 1001.672745
7200 1005.194187
7300 1026.844978
7400 1045.653820
7500 1063.044071
7600 1076.955795
7700 1092.205048
7800 1107.807159
7900 1119.751930
8000 1135.346889
8100 1144.876480
8200 1159.403324
8300 1180.562973
8400 1199.600697
8500 1212.553978
8600 1230.583191
8700 1241.562366
8800 1262.547970
8900 1278.910637
9000 1293.363571
9100 1303.706169
9200 1308.264732
9300 1335.999966
9400 1354.403496
9500 1363.110542
9600 1381.542683
9700 1395.537853
9800 1411.297321
9900 1422.781944
10000 1433.408260
