1000 0.000012
1100 0.000013
1200 0.000014
1300 0.000015
1400 0.000016
1500 0.000017
1600 0.000019
1700 0.000019
1800 0.000020
1900 0.000021
2000 0.000022
2100 0.000023
2200 0.000023
2300 0.000025
2400 0.000026
2500 0.000027
2600 0.000028
2700 0.000030
2800 0.000030
2900 0.000031
3000 0.000033
3100 0.000034
3200 0.000034
3300 0.000035
3400 0.000036
3500 0.000036
3600 0.000038
3700 0.000039
3800 0.000040
3900 0.000041
4000 0.000042
4100 0.000043
4200 0.000045
4300 0.000044
4400 0.000096
4500 0.000048
4600 0.000049
4700 0.000049
4800 0.000051
4900 0.000052
5000 0.000052
5100 0.000054
5200 0.000054
5300 0.000056
5400 0.000056
5500 0.000057
5600 0.000058
5700 0.000059
5800 0.000060
5900 0.000062
6000 0.000062
6100 0.000064
6200 0.000054
6300 0.000031
6400 0.000029
6500 0.000029
6600 0.000030
6700 0.000030
6800 0.000031
6900 0.000031
7000 0.000032
7100 0.000033
7200 0.000033
7300 0.000033
7400 0.000034
7500 0.000034
7600 0.000034
7700 0.000035
7800 0.000035
7900 0.000036
8000 0.000036
8100 0.000036
8200 0.000037
8300 0.000038
8400 0.000038
8500 0.000038
8600 0.000039
8700 0.000040
8800 0.000039
8900 0.000040
9000 0.000040
9100 0.000041
9200 0.000041
9300 0.000041
9400 0.000043
9500 0.000043
9600 0.000043
9700 0.000044
9800 0.000043
9900 0.000045
10000 0.000044
